#comments
#IDnumber    npoints    cutname
#X   y
#X   y
#X   y
#X   y

#PID100 Na32 of run 250
0 9 cut250100_Na32
-116.447 2505.53
-114.897 2589.31
-115.32 2831.34
-116.095 2915.12
-117.504 2877.88
-117.504 2775.49
-117.222 2496.22
-116.447 2496.22
-116.447 2505.53

#PID40 Na32 of run 250
1 10 cut25040_Na32
-115.44 3187.5
-115.069 3672.79
-115.81 3761.03
-116.675 3783.09
-117.663 3584.56
-117.292 3352.94
-117.292 3132.35
-115.44 3132.35
-115.316 3231.62
-115.44 3187.5

#PID40 Na33 of run 250
2 9 cut25040_Na33
-114.369 3212.48
-113.082 3304.36
-112.739 3706.36
-113.768 3913.09
-114.883 3890.12
-115.055 3625.96
-114.969 3350.31
-114.54 3212.48
-114.369 3212.48

#PID40 Na31 of run 250
3 9 cut25040_Na31
-117.371 2994.26
-117.114 3304.36
-117.672 3580.02
-118.873 3591.5
-119.731 3407.73
-119.13 3051.68
-118.101 2879.4
-117.414 2971.29
-117.371 2994.26

#PID40 Na30 of run 250
4 9 cut25040_Na30
-119.43 2994.26
-119.473 3327.34
-121.146 3602.99
-122.176 3384.76
-121.704 3028.71
-120.417 2776.03
-119.602 2867.92
-119.173 3028.71
-119.43 2994.26

