#comments
#IDnumber    npoints    cutname
#X   y
#X   y
#X   y
#X   y

#PID100 cut of blob 4-9
0   8   cut250_100_4_9
-115.358 2504.38
-114.963 2709.46
-115.884 2891.76
-117.134 2868.97
-117.266 2732.25
-117.134 2470.2
-115.424 2492.99
-115.358 2504.38

#PID100 cut of blob 3-4
1   8   cut250_100_3_4
-121.345 590.26
-119.239 624.441
-119.174 840.919
-120.95 840.919
-122.595 818.132
-122.792 647.228
-121.937 590.26
-121.345 590.26

#PID40 cut of blob 3-4
2   8   cut250_40_3_4
-119.693 750
-119.139 1014.71
-120.398 1069.85
-122.213 1014.71
-122.565 794.118
-120.751 738.971
-119.643 772.059
-119.693 750

#PID40 cut of blob 4 9
3 9 cut250_40_4_9
-115.259 3055.15
-114.956 3452.21
-115.208 3761.03
-116.821 3816.18
-117.224 3628.68
-117.325 3452.21
-117.022 3154.41
-115.259 3088.24
-115.259 3055.15

#PID100 Na32 of run 250
4 9 cut250100_Na32
-116.447 2505.53
-114.897 2589.31
-115.32 2831.34
-116.095 2915.12
-117.504 2877.88
-117.504 2775.49
-117.222 2496.22
-116.447 2496.22
-116.447 2505.53

#PID40 Na32 of run 250
5 10 cut25040_Na32
-115.44 3187.5
-115.069 3672.79
-115.81 3761.03
-116.675 3783.09
-117.663 3584.56
-117.292 3352.94
-117.292 3132.35
-115.44 3132.35
-115.316 3231.62
-115.44 3187.5

#PID40 Na33 of run 250
6 9 cut25040_Na33
-114.369 3212.48
-113.082 3304.36
-112.739 3706.36
-113.768 3913.09
-114.883 3890.12
-115.055 3625.96
-114.969 3350.31
-114.54 3212.48
-114.369 3212.48

#PID40 Na31 of run 250
7 9 cut25040_Na31
-117.371 2994.26
-117.114 3304.36
-117.672 3580.02
-118.873 3591.5
-119.731 3407.73
-119.13 3051.68
-118.101 2879.4
-117.414 2971.29
-117.371 2994.26

#PID40 Na30 of run 250
8 9 cut25040_Na30
-119.43 2994.26
-119.473 3327.34
-121.146 3602.99
-122.176 3384.76
-121.704 3028.71
-120.417 2776.03
-119.602 2867.92
-119.173 3028.71
-119.43 2994.26

