1 -1.54778 0.190134
2 -0.519147 0.181875
3 -0.712889 0.182543
4 -0.94234 0.190972
5 -1.05989 0.194649
6 -1.10962 0.186378
7 -0.314861 0.192988
8 -0.988897 0.187998
9 -0.936675 0.185986
10 -0.919223 0.183032
11 -0.684214 0.138731
12 -0.541724 0.138446
13 0 0
14 0 0
15 0 0
16 0 0
17 -0.537058 0.136458
18 -0.376563 0.178305
19 -0.465882 0.190031
20 0.0 0.0
21 -0.61709 0.18582
22 0.00564023 0.185497
23 -0.356745 0.18713
24 -0.219438 0.185369
25 -0.0414835 0.191435
26 -0.323425 0.190732
27 -0.493784 0.193184
28 -0.339458 0.188533
29 0 0
30 0 0
31 0 0
32 0 0
33 -2.03333 0.432985
34 1.16484 0.440898
35 -1.51347 0.431127
36 -0.305744 0.153991
37 -0.8575 0.202005
38 -0.614929 0.192032
39 -0.670107 0.177867
40 -0.877551 0.181203
41 -0.292637 0.156042
42 0.370814 0.198773
43 0.22038 0.185302
44 0.128106 0.183881
45 0 0
46 0 0
47 -0.234282 0.197257
48 -0.620551 0.196123
49 -0.215077 0.186362
50 0.0515887 0.185282
51 0.129095 0.193638
52 -0.0896699 0.187528